# 常见测试手机号字典 - 用于CTF/渗透测试
# ============================================

# 中国移动常见测试号
13800138000
13800138001
13800138002
13800138111
13800138222

# 全零/全号段测试
13000000000
13100000000
13200000000
13300000000
13500000000
13600000000
13700000000
13800000000
13900000000
15000000000
15100000000
15200000000
15300000000
15500000000
15600000000
15700000000
15800000000
15900000000
18000000000
18100000000
18200000000
18300000000
18500000000
18600000000
18700000000
18800000000
18900000000

# 常见吉祥号/规律号
18888888888
18888888889
18888888880
18888880000
18888800000
18888000000
18880000000

# 连续/重复数字
13812345678
13811111111
13822222222
13833333333
13844444444
13855555555
13866666666
13877777777
13888888888
13899999999

# 虚拟运营商号段（170/171）
17000000000
17000000001
17000000002
17100000000
17100000001
17100000002

# 特服号/特殊号码
10000000000
10000000001
10010001000
10086100100
10010100101

# 简单易记号
13800000001
13800000002
13800000111
13800000222
13800111111
13800222222

# 19x 新号段
19100000000
19111111111
19800000000
19888888888
19900000000
19999999999

# CTF 常用测试号
12345678901
18812345678
18612345678
13512345678
15912345678
